Date,OpenPrice,ClosePrice,Diff,Percent,LowPrice,HighPrice,Volume,Amount,Exchange
2011-05-31,13.78,13.71,0.32,2.39,12.90,13.78,7159,961.34,0.9
2011-05-30,13.78,13.39,-0.51,-3.67,13.37,13.86,5078,688.88,0.64
2011-05-27,14.00,13.90,-0.18,-1.28,13.50,14.05,10036,1388.38,1.27
2011-05-26,15.43,14.08,-1.35,-8.75,13.98,15.43,20737,3009.75,2.62
2011-05-25,32.28,31.35,-0.88,-2.73,31.28,32.28,4712,1495.87,0.6
2011-05-24,32.20,32.23,0.01,0.03,31.40,32.45,4071,1300.00,0.51
2011-05-23,33.66,32.22,-1.43,-4.25,32.18,33.66,6331,2079.71,0.8
2011-05-20,33.00,33.65,0.46,1.39,32.48,33.65,10299,3420.05,1.3
2011-05-19,33.22,33.19,-0.01,-0.03,32.71,33.40,8170,2701.32,1.03
2011-05-18,33.00,33.20,0.25,0.76,32.37,33.20,7781,2555.59,1.97
2011-05-17,31.96,32.95,0.97,3.03,31.52,33.39,7906,2541.76,2.0
2011-05-13,31.80,31.98,0.08,0.25,31.50,32.00,3700,1176.66,0.93
2011-05-12,31.94,31.90,-0.25,-0.78,31.76,32.34,5685,1820.11,1.44
2011-05-11,31.62,32.15,0.53,1.68,31.62,32.45,7676,2459.64,1.94
2011-05-10,31.55,31.62,0.10,0.32,31.25,31.72,3651,1149.24,0.92
2011-05-09,31.10,31.52,0.32,1.03,31.10,31.57,3736,1173.71,0.94
2011-05-06,31.06,31.20,0.04,0.13,30.70,31.26,4046,1253.66,1.02
2011-05-05,30.69,31.16,0.29,0.94,30.69,31.27,1687,523.72,0.43
2011-05-04,31.64,30.87,-0.89,-2.8,30.86,31.75,3935,1229.78,0.99
2011-05-03,31.88,31.76,-0.02,-0.06,31.30,31.88,3627,1144.59,0.92
2011-04-29,31.70,31.78,0.08,0.25,31.50,32.00,3619,1150.47,0.91
2011-04-28,32.95,31.70,-1.15,-3.5,31.55,32.98,6565,2115.40,1.66
2011-04-27,32.84,32.85,0.05,0.15,32.60,33.39,5432,1793.11,1.37
2011-04-26,32.79,32.80,0.01,0.03,32.55,32.97,4869,1595.46,1.23
2011-04-25,33.58,32.79,-1.18,-3.47,32.72,33.83,7236,2394.30,1.83
2011-04-22,34.25,33.97,-0.26,-0.76,33.85,34.74,10201,3497.63,2.58
2011-04-21,33.88,34.23,0.50,1.48,33.58,34.39,11072,3775.71,2.8
2011-04-20,33.90,33.73,0.06,0.18,33.70,34.50,10484,3564.61,2.65
2011-04-19,34.48,33.67,-0.73,-2.12,33.50,34.50,17289,5858.71,4.37
2011-04-18,33.16,34.40,1.46,4.43,33.16,34.66,25905,8881.72,6.55
2011-04-15,32.64,32.94,0.07,0.21,32.47,33.05,6186,2027.61,1.56
2011-04-14,32.95,32.87,-0.08,-0.24,32.63,33.10,7104,2332.77,1.8
2011-04-13,32.00,32.95,1.09,3.42,31.86,33.08,10448,3423.76,2.64
2011-04-12,31.80,31.86,-0.04,-0.13,31.80,32.19,4652,1485.42,1.18
2011-04-11,32.26,31.90,-0.43,-1.33,31.88,32.40,8226,2633.94,2.08
2011-04-08,32.00,32.33,0.23,0.72,31.99,32.44,5978,1927.29,1.51
2011-04-07,31.93,32.10,0.31,0.98,31.42,32.44,8098,2590.80,2.05
2011-04-06,31.67,31.79,0.12,0.38,31.35,31.97,5598,1776.41,1.41
2011-04-01,31.38,31.67,0.32,1.02,31.00,31.77,5239,1650.02,1.32
2011-03-31,31.46,31.35,-0.11,-0.35,31.33,31.85,5914,1865.14,1.49
2011-03-30,31.72,31.46,-0.24,-0.76,31.41,32.01,7939,2514.93,2.01
2011-03-29,32.91,31.70,-1.33,-4.03,31.62,33.05,16571,5322.26,4.19
2011-03-28,33.10,33.03,-0.22,-0.66,32.83,33.38,10640,3519.58,2.69
2011-03-25,33.40,33.25,-0.43,-1.28,33.10,33.64,13093,4357.43,3.31
2011-03-24,33.51,33.68,0.10,0.3,33.30,33.90,12215,4111.05,3.09
2011-03-23,32.93,33.58,0.57,1.73,32.90,33.80,11200,3738.64,2.83
2011-03-22,33.51,33.01,-0.68,-2.02,32.80,33.58,10204,3373.52,2.58
2011-03-21,33.52,33.69,0.36,1.08,32.62,33.97,17689,5898.24,4.47
2011-03-18,33.23,33.33,0.35,1.06,33.09,33.78,12188,4070.78,3.08
2011-03-17,34.63,32.98,-1.84,-5.28,32.89,34.63,22846,7652.92,5.77
2011-03-16,34.82,34.82,-0.03,-0.09,34.32,34.98,24630,8534.31,6.22
2011-03-15,35.01,34.85,-0.98,-2.74,34.01,35.34,35117,12114.91,8.87
2011-03-14,35.01,35.83,1.64,4.8,34.80,37.26,74289,26829.99,18.77
2011-03-11,32.89,34.19,3.11,10.01,32.89,34.19,28716,9789.23,7.26
2011-03-10,31.09,31.08,-0.01,-0.03,30.94,31.29,4770,1485.08,1.21
2011-03-09,31.23,31.09,-0.04,-0.13,30.98,31.23,4492,1395.45,1.14
2011-03-08,31.04,31.13,-0.08,-0.26,30.96,31.26,4746,1473.84,1.2
2011-03-07,31.01,31.21,0.14,0.45,31.00,31.29,7848,2441.05,1.98
2011-03-04,30.90,31.07,0.17,0.55,30.72,31.10,3735,1154.92,0.94
2011-03-03,31.52,30.90,-0.80,-2.52,30.80,31.80,6144,1918.68,1.55
2011-03-02,31.31,31.70,0.31,0.99,31.03,31.91,8756,2768.88,2.21
2011-03-01,30.98,31.39,0.40,1.29,30.90,31.39,6293,1963.44,1.59
2011-02-28,30.80,30.99,0.04,0.13,30.73,31.13,3858,1191.42,0.97
2011-02-25,31.18,30.95,-0.22,-0.71,30.75,31.30,4686,1449.84,1.18
2011-02-24,30.20,31.17,0.77,2.53,30.10,31.17,6197,1902.98,1.57
2011-02-23,30.01,30.40,0.24,0.8,30.01,30.44,3482,1055.25,0.88
2011-02-22,30.96,30.16,-0.80,-2.58,30.11,31.09,5397,1648.23,1.36
2011-02-21,30.27,30.96,0.41,1.34,30.27,30.99,4151,1278.15,1.05
2011-02-18,30.88,30.55,-0.53,-1.71,30.45,31.08,4625,1419.66,1.17
2011-02-17,31.10,31.08,-0.22,-0.7,30.86,31.37,5213,1620.32,1.32
2011-02-16,30.67,31.30,0.45,1.46,30.67,31.46,4463,1393.58,1.13
2011-02-15,31.00,30.85,-0.15,-0.48,30.75,31.19,4991,1544.41,1.26
2011-02-14,30.70,31.00,0.30,0.98,30.48,31.10,4961,1527.82,1.25
2011-02-11,30.33,30.70,0.37,1.22,30.18,30.76,3250,992.55,0.82
2011-02-10,29.67,30.33,0.66,2.22,29.53,30.37,2241,674.66,0.57
2011-02-09,30.01,29.67,-0.34,-1.13,29.65,30.01,1825,544.78,0.46
2011-02-01,30.16,30.01,-0.21,-0.69,29.97,30.45,2589,780.04,0.65
2011-01-31,29.75,30.22,0.47,1.58,29.64,30.40,2370,713.13,0.6
2011-01-28,29.64,29.75,0.14,0.47,29.53,29.90,2138,634.32,0.54
2011-01-27,29.60,29.61,0.01,0.03,29.20,29.90,3295,978.72,0.83
2011-01-26,28.91,29.60,0.70,2.42,28.83,29.60,3984,1167.49,1.01
2011-01-25,28.80,28.90,0.10,0.35,28.53,29.20,4806,1391.19,1.21
2011-01-24,29.03,28.80,-0.23,-0.79,28.80,29.98,3931,1149.44,0.99
2011-01-21,29.59,29.03,-0.56,-1.89,28.60,29.61,5712,1662.22,1.44
2011-01-20,30.50,29.59,-1.01,-3.3,29.51,30.50,3682,1106.32,1.47
2011-01-19,30.18,30.60,0.46,1.53,29.82,30.60,3386,1026.60,1.35
2011-01-18,30.78,30.14,-0.47,-1.54,29.94,30.78,4667,1408.09,1.87
2011-01-17,31.31,30.61,-0.69,-2.2,30.00,31.69,6711,2052.95,2.68
2011-01-14,31.81,31.30,-0.67,-2.1,31.30,31.89,3915,1235.35,1.57
2011-01-13,31.85,31.97,0.21,0.66,31.61,32.02,3609,1150.59,1.44
2011-01-12,31.91,31.76,-0.14,-0.44,31.49,32.20,6644,2105.81,2.66
2011-01-11,31.80,31.90,-0.10,-0.31,31.50,32.18,4539,1440.69,1.82
2011-01-10,32.55,32.00,-0.90,-2.74,31.85,32.88,7810,2523.67,3.12
2011-01-07,33.51,32.90,-0.62,-1.85,32.89,33.75,6283,2094.64,2.51
2011-01-06,33.35,33.52,-0.04,-0.12,33.35,33.81,7661,2568.51,3.06
2011-01-05,33.35,33.56,0.13,0.39,33.00,34.18,12156,4107.97,4.86
2011-01-04,33.09,33.43,0.27,0.81,32.78,33.66,11816,3932.84,4.73
2010-12-31,32.38,33.16,0.86,2.66,32.12,33.17,8243,2703.99,3.3
2010-12-30,32.19,32.30,0.08,0.25,31.72,32.30,4358,1398.43,1.74
2010-12-29,31.98,32.22,0.34,1.07,31.85,32.23,5091,1631.19,2.04
2010-12-28,31.96,31.88,0.05,0.16,31.48,32.09,4675,1486.46,1.87
2010-12-27,32.62,31.83,-0.93,-2.84,31.80,33.10,7792,2526.36,3.12
2010-12-24,33.40,32.76,-0.94,-2.79,32.40,33.40,7958,2618.71,3.18
2010-12-23,34.10,33.70,-0.52,-1.52,33.63,34.35,7712,2618.41,3.08
2010-12-22,34.81,34.22,-0.53,-1.53,34.21,34.81,8183,2814.06,3.27
2010-12-21,35.05,34.75,-0.33,-0.94,34.65,35.15,15098,5264.41,6.04
2010-12-20,34.44,35.08,0.58,1.68,33.62,35.28,18889,6535.13,7.56
2010-12-17,34.34,34.50,-0.05,-0.14,34.20,34.76,10672,3677.46,4.27
2010-12-16,33.62,34.55,0.95,2.83,33.60,34.68,12863,4416.75,5.15
2010-12-15,33.95,33.60,-0.35,-1.03,33.45,34.02,7945,2683.26,3.18
2010-12-14,33.69,33.95,0.33,0.98,33.55,34.05,8242,2789.74,3.3
2010-12-13,32.91,33.62,0.78,2.38,32.91,33.88,9884,3314.66,3.95
